9.151090400000000402e-01 5.511474899999999622e-01 6.703731099999999943e-01
9.169641099999999989e-01 5.508156300000000005e-01 6.626436599999999677e-01
9.187099499999999974e-01 5.505566400000000415e-01 6.548588100000000134e-01
9.203449799999999792e-01 5.503714899999999632e-01 6.470235600000000531e-01
9.218676300000000490e-01 5.502610700000000188e-01 6.391430599999999851e-01
9.232763600000000181e-01 5.502262500000000278e-01 6.312225900000000278e-01
9.245695999999999914e-01 5.502678100000000239e-01 6.232675399999999533e-01
9.257458200000000526e-01 5.503865000000000007e-01 6.152834000000000358e-01
9.268034899999999521e-01 5.505829899999999943e-01 6.072758000000000322e-01
9.277411199999999747e-01 5.508578899999999612e-01 5.992504499999999901e-01
9.285571999999999715e-01 5.512117399999999501e-01 5.912131900000000551e-01
9.292502700000000448e-01 5.516450000000000520e-01 5.831699200000000083e-01
9.298188899999999535e-01 5.521580799999999956e-01 5.751266699999999510e-01
9.302616500000000510e-01 5.527512700000000168e-01 5.670895299999999528e-01
9.305771600000000143e-01 5.534248000000000500e-01 5.590646900000000308e-01
9.307640700000000544e-01 5.541788300000000111e-01 5.510583799999999588e-01
9.308210700000000282e-01 5.550133900000000509e-01 5.430769600000000530e-01
9.307468899999999934e-01 5.559284500000000184e-01 5.351268099999999528e-01
9.305402999999999869e-01 5.569238699999999875e-01 5.272143799999999825e-01
9.302001199999999637e-01 5.579994299999999630e-01 5.193462100000000303e-01
9.297252299999999581e-01 5.591547700000000232e-01 5.115288500000000349e-01
9.291145400000000443e-01 5.603894799999999954e-01 5.037689300000000037e-01
9.283670299999999820e-01 5.617030100000000026e-01 4.960731199999999785e-01
9.274817499999999937e-01 5.630947099999999983e-01 4.884481299999999804e-01
9.264577999999999980e-01 5.645638299999999887e-01 4.809007299999999985e-01
9.252943399999999929e-01 5.661095099999999825e-01 4.734376900000000221e-01
9.239906199999999847e-01 5.677307799999999904e-01 4.660658599999999985e-01
9.225459499999999480e-01 5.694265600000000260e-01 4.587920899999999857e-01
9.209597099999999870e-01 5.711956599999999939e-01 4.516233000000000053e-01
9.192313699999999921e-01 5.730368000000000128e-01 4.445664200000000177e-01
9.173604800000000337e-01 5.749485600000000529e-01 4.376283999999999730e-01
9.153466500000000394e-01 5.769294499999999548e-01 4.308162500000000117e-01
9.131896200000000352e-01 5.789778500000000161e-01 4.241369799999999968e-01
9.108891700000000258e-01 5.810920499999999711e-01 4.175976499999999869e-01
9.084452100000000030e-01 5.832702400000000509e-01 4.112053299999999800e-01
9.058577100000000382e-01 5.855105299999999735e-01 4.049671100000000190e-01
9.031267600000000284e-01 5.878109000000000250e-01 3.988901000000000252e-01
9.002525200000000005e-01 5.901692800000000183e-01 3.929814300000000205e-01
8.972352700000000292e-01 5.925835000000000408e-01 3.872482099999999816e-01
8.940753799999999751e-01 5.950513100000000000e-01 3.816975599999999913e-01
8.907733100000000404e-01 5.975703799999999566e-01 3.763365799999999761e-01
8.873296299999999803e-01 6.001383200000000029e-01 3.711723399999999895e-01
8.837450100000000530e-01 6.027526600000000512e-01 3.662118600000000002e-01
8.800202200000000197e-01 6.054108999999999741e-01 3.614620900000000137e-01
8.761561199999999827e-01 6.081104400000000298e-01 3.569298900000000274e-01
8.721536899999999815e-01 6.108486800000000327e-01 3.526219999999999910e-01
8.680140100000000025e-01 6.136229500000000003e-01 3.485450199999999832e-01
8.637382399999999905e-01 6.164305399999999713e-01 3.447053500000000215e-01
8.593276600000000487e-01 6.192687199999999947e-01 3.411092000000000013e-01
8.547836500000000060e-01 6.221347400000000194e-01 3.377625000000000210e-01
8.501076699999999819e-01 6.250257999999999647e-01 3.346709099999999881e-01
8.453013099999999724e-01 6.279391399999999512e-01 3.318397000000000152e-01
8.403662299999999918e-01 6.308719299999999697e-01 3.292738100000000001e-01
8.353042000000000522e-01 6.338213900000000400e-01 3.269777099999999770e-01
8.301170799999999517e-01 6.367847199999999708e-01 3.249554100000000001e-01
8.248068200000000516e-01 6.397591299999999537e-01 3.232103800000000193e-01
8.193754800000000449e-01 6.427418499999999479e-01 3.217455599999999860e-01
8.138251899999999761e-01 6.457301100000000238e-01 3.205632700000000113e-01
8.081581799999999483e-01 6.487211999999999978e-01 3.196652200000000277e-01
8.023767699999999614e-01 6.517124100000000197e-01 3.190524399999999927e-01
7.964833599999999736e-01 6.547010599999999458e-01 3.187253099999999839e-01
7.904804399999999509e-01 6.576845500000000344e-01 3.186835199999999979e-01
7.843705899999999787e-01 6.606602599999999992e-01 3.189260600000000112e-01
7.781564499999999995e-01 6.636256699999999453e-01 3.194512400000000252e-01
7.718407600000000146e-01 6.665782700000000283e-01 3.202566900000000105e-01
7.654263399999999828e-01 6.695156199999999780e-01 3.213393999999999973e-01
7.589160900000000431e-01 6.724353400000000480e-01 3.226957200000000192e-01
7.523129800000000200e-01 6.753350900000000268e-01 3.243213799999999924e-01
7.456200400000000394e-01 6.782126000000000543e-01 3.262115899999999957e-01
7.388404200000000532e-01 6.810656699999999564e-01 3.283610200000000034e-01
7.319773099999999921e-01 6.838921399999999817e-01 3.307638800000000101e-01
7.250339799999999668e-01 6.866899499999999934e-01 3.334139500000000145e-01
7.180138000000000353e-01 6.894570800000000554e-01 3.363046499999999828e-01
7.109201800000000127e-01 6.921915800000000285e-01 3.394290799999999941e-01
7.037566299999999941e-01 6.948915900000000034e-01 3.427800699999999923e-01
6.965267299999999828e-01 6.975552900000000500e-01 3.463502299999999812e-01
6.892341400000000506e-01 7.001809700000000136e-01 3.501320099999999935e-01
6.818826000000000054e-01 7.027669500000000014e-01 3.541177200000000247e-01
6.744759099999999563e-01 7.053116499999999567e-01 3.582995999999999959e-01
6.670179999999999998e-01 7.078135399999999633e-01 3.626698400000000211e-01
6.595128399999999891e-01 7.102711900000000522e-01 3.672206100000000029e-01
6.519645099999999971e-01 7.126832199999999506e-01 3.719441099999999945e-01
6.443771900000000441e-01 7.150483199999999595e-01 3.768325900000000228e-01
6.367551200000000078e-01 7.173652499999999543e-01 3.818783800000000173e-01
6.291026899999999644e-01 7.196328600000000408e-01 3.870738899999999760e-01
6.214243499999999587e-01 7.218500399999999706e-01 3.924116500000000007e-01
6.137246899999999616e-01 7.240157600000000082e-01 3.978843200000000135e-01
6.060084100000000529e-01 7.261290700000000431e-01 4.034846899999999792e-01
5.982803199999999766e-01 7.281890600000000546e-01 4.092057299999999898e-01
5.905453600000000192e-01 7.301948900000000409e-01 4.150405200000000239e-01
5.828086300000000497e-01 7.321458100000000080e-01 4.209823300000000157e-01
5.750753499999999852e-01 7.340411000000000019e-01 4.270246100000000267e-01
5.673508999999999913e-01 7.358801000000000370e-01 4.331609399999999943e-01
5.596408200000000388e-01 7.376622400000000246e-01 4.393851100000000232e-01
5.519508100000000139e-01 7.393869699999999767e-01 4.456910399999999828e-01
5.442867700000000308e-01 7.410538100000000350e-01 4.520728600000000208e-01
5.366547799999999979e-01 7.426623500000000266e-01 4.585248299999999944e-01
5.290611100000000011e-01 7.442122100000000406e-01 4.650413999999999937e-01
5.215122500000000105e-01 7.457030599999999732e-01 4.716171800000000247e-01
5.140149000000000523e-01 7.471346399999999610e-01 4.782469100000000251e-01
5.065760000000000263e-01 7.485067199999999588e-01 4.849255199999999988e-01
4.992027099999999940e-01 7.498191199999999501e-01 4.916480799999999873e-01
4.919024699999999806e-01 7.510717099999999480e-01 4.984098000000000139e-01
4.846829300000000118e-01 7.522643799999999548e-01 5.052060400000000229e-01
4.775520500000000057e-01 7.533971000000000418e-01 5.120322899999999455e-01
4.705180199999999813e-01 7.544698399999999472e-01 5.188842000000000176e-01
4.635893200000000269e-01 7.554826300000000439e-01 5.257575199999999782e-01
4.567746899999999832e-01 7.564355299999999671e-01 5.326481499999999869e-01
4.500831699999999769e-01 7.573286299999999471e-01 5.395520999999999789e-01
4.435240300000000135e-01 7.581620700000000213e-01 5.464655099999999877e-01
4.371068200000000070e-01 7.589360000000000550e-01 5.533846199999999937e-01
4.308413300000000223e-01 7.596505999999999537e-01 5.603058100000000152e-01
4.247375800000000035e-01 7.603061100000000350e-01 5.672255499999999673e-01
4.188057900000000111e-01 7.609027499999999611e-01 5.741403999999999952e-01
4.130563700000000060e-01 7.614408099999999679e-01 5.810470399999999591e-01
4.074998400000000021e-01 7.619205700000000192e-01 5.879422600000000498e-01
4.021468500000000001e-01 7.623423499999999464e-01 5.948229200000000327e-01
3.970080599999999960e-01 7.627064999999999539e-01 6.016859799999999536e-01
3.920941399999999799e-01 7.630133700000000241e-01 6.085285000000000277e-01
3.874156599999999950e-01 7.632633399999999568e-01 6.153475999999999946e-01
3.829830399999999968e-01 7.634568099999999857e-01 6.221405199999999747e-01
3.788064700000000062e-01 7.635942000000000007e-01 6.289045399999999564e-01
3.748957900000000065e-01 7.636759300000000028e-01 6.356370399999999865e-01
3.712604500000000196e-01 7.637024599999999719e-01 6.423354700000000195e-01
3.679093600000000186e-01 7.636742499999999989e-01 6.489973599999999676e-01
3.648508300000000149e-01 7.635917599999999528e-01 6.556203000000000447e-01
3.620924500000000101e-01 7.634554900000000144e-01 6.622019300000000497e-01
3.596409999999999885e-01 7.632659400000000316e-01 6.687399899999999509e-01
3.575023500000000243e-01 7.630236099999999633e-01 6.752322600000000286e-01
3.556814099999999756e-01 7.627290300000000300e-01 6.816765900000000267e-01
3.541820199999999863e-01 7.623827199999999582e-01 6.880708599999999509e-01
3.530069000000000123e-01 7.619852299999999579e-01 6.944130499999999762e-01
3.521576100000000098e-01 7.615370999999999668e-01 7.007011499999999948e-01
3.516345399999999954e-01 7.610388799999999732e-01 7.069332400000000183e-01
3.514368500000000228e-01 7.604911399999999544e-01 7.131074200000000474e-01
3.515625299999999842e-01 7.598944399999999488e-01 7.192218400000000011e-01
3.520083900000000043e-01 7.592493599999999843e-01 7.252747200000000394e-01
3.527700999999999754e-01 7.585564700000000382e-01 7.312642900000000390e-01
3.538422999999999985e-01 7.578163700000000169e-01 7.371888399999999564e-01
3.552185999999999955e-01 7.570296399999999482e-01 7.430466999999999489e-01
3.568917099999999731e-01 7.561968799999999602e-01 7.488362400000000418e-01
3.588535299999999761e-01 7.553186800000000201e-01 7.545558399999999777e-01
3.610952199999999945e-01 7.543956499999999732e-01 7.602039600000000119e-01
3.636073400000000011e-01 7.534283899999999479e-01 7.657790500000000167e-01
3.663799500000000098e-01 7.524175199999999508e-01 7.712796100000000044e-01
3.694026999999999727e-01 7.513636399999999993e-01 7.767041700000000271e-01
3.726649300000000054e-01 7.502673800000000393e-01 7.820513000000000048e-01
3.761557899999999899e-01 7.491293399999999769e-01 7.873195699999999686e-01
3.798642899999999933e-01 7.479501699999999698e-01 7.925075900000000395e-01
3.837794400000000272e-01 7.467304700000000350e-01 7.976140000000000452e-01
3.878902599999999867e-01 7.454708799999999469e-01 8.026374600000000248e-01
3.921858999999999762e-01 7.441720299999999844e-01 8.075766300000000175e-01
3.966556800000000105e-01 7.428345499999999824e-01 8.124302199999999807e-01
4.012891199999999992e-01 7.414590800000000481e-01 8.171969500000000330e-01
4.060759999999999925e-01 7.400462599999999558e-01 8.218755399999999600e-01
4.110064099999999887e-01 7.385967300000000346e-01 8.264647600000000205e-01
4.160707299999999997e-01 7.371111399999999980e-01 8.309633600000000397e-01
4.212597000000000147e-01 7.355901299999999532e-01 8.353701399999999833e-01
4.265643900000000155e-01 7.340343499999999466e-01 8.396838800000000491e-01
4.319762500000000061e-01 7.324444700000000141e-01 8.439033999999999702e-01
4.374870799999999726e-01 7.308211399999999802e-01 8.480275099999999844e-01
4.430890499999999843e-01 7.291650200000000526e-01 8.520550500000000360e-01
4.487747100000000211e-01 7.274767800000000451e-01 8.559848599999999585e-01
4.545369400000000004e-01 7.257570899999999936e-01 8.598157899999999687e-01
4.603689699999999885e-01 7.240066200000000451e-01 8.635467000000000004e-01
4.662644000000000233e-01 7.222260600000000030e-01 8.671764600000000378e-01
4.722171299999999849e-01 7.204160800000000142e-01 8.707039500000000043e-01
4.782213799999999737e-01 7.185773800000000433e-01 8.741280399999999950e-01
4.842717000000000271e-01 7.167106500000000047e-01 8.774476300000000339e-01
4.903628999999999905e-01 7.148165899999999739e-01 8.806616200000000338e-01
4.964900899999999950e-01 7.128959099999999660e-01 8.837688999999999684e-01
5.026486399999999799e-01 7.109493099999999455e-01 8.867683800000000227e-01
5.088341699999999745e-01 7.089775200000000277e-01 8.896589799999999881e-01
5.150425299999999984e-01 7.069812699999999950e-01 8.924396100000000498e-01
5.212698099999999446e-01 7.049612800000000234e-01 8.951092000000000493e-01
5.275123099999999843e-01 7.029182899999999456e-01 8.976666599999999496e-01
5.337665200000000221e-01 7.008530600000000277e-01 9.001109299999999758e-01
5.400291200000000291e-01 6.987663299999999911e-01 9.024409500000000195e-01
5.462969899999999823e-01 6.966588799999999804e-01 9.046556500000000334e-01
5.525671500000000069e-01 6.945314700000000396e-01 9.067539700000000202e-01
5.588367899999999722e-01 6.923848900000000306e-01 9.087348699999999724e-01
5.651032299999999564e-01 6.902199300000000370e-01 9.105973000000000539e-01
5.713639600000000041e-01 6.880373899999999709e-01 9.123402200000000350e-01
5.776165500000000064e-01 6.858380800000000166e-01 9.139625799999999689e-01
5.838587200000000532e-01 6.836228199999999644e-01 9.154633599999999483e-01
5.900883099999999493e-01 6.813924599999999776e-01 9.168415399999999549e-01
5.963032299999999619e-01 6.791478199999999577e-01 9.180960999999999705e-01
6.025015200000000126e-01 6.768897699999999462e-01 9.192260300000000273e-01
6.086812799999999912e-01 6.746191799999999850e-01 9.202303299999999853e-01
6.148407099999999570e-01 6.723369200000000045e-01 9.211080000000000378e-01
6.209780900000000381e-01 6.700438800000000361e-01 9.218580699999999739e-01
6.270917599999999981e-01 6.677409699999999892e-01 9.224795700000000265e-01
6.331801200000000129e-01 6.654291100000000458e-01 9.229715299999999845e-01
6.392416600000000448e-01 6.631092299999999939e-01 9.233330100000000096e-01
6.452748799999999951e-01 6.607822700000000049e-01 9.235630799999999807e-01
6.512783699999999953e-01 6.584491900000000175e-01 9.236608200000000490e-01
6.572507600000000449e-01 6.561109600000000208e-01 9.236253199999999719e-01
6.631907099999999611e-01 6.537685699999999933e-01 9.234557199999999799e-01
6.690969100000000447e-01 6.514230199999999638e-01 9.231511500000000314e-01
6.749681299999999995e-01 6.490753299999999504e-01 9.227107599999999632e-01
6.808031100000000446e-01 6.467265100000000322e-01 9.221337400000000351e-01
6.866006799999999632e-01 6.443776300000000345e-01 9.214192900000000019e-01
6.923596499999999931e-01 6.420297299999999652e-01 9.205666500000000418e-01
6.980788799999999572e-01 6.396838999999999720e-01 9.195750700000000499e-01
7.037572399999999506e-01 6.373412200000000416e-01 9.184438600000000008e-01
7.093936100000000078e-01 6.350027900000000392e-01 9.171723200000000409e-01
7.149868999999999808e-01 6.326697399999999805e-01 9.157598300000000524e-01
7.205360200000000548e-01 6.303432100000000426e-01 9.142057799999999679e-01
7.260399100000000105e-01 6.280243300000000195e-01 9.125096000000000318e-01
7.314975000000000227e-01 6.257142900000000063e-01 9.106707699999999628e-01
7.369077299999999831e-01 6.234142499999999476e-01 9.086887999999999632e-01
7.422695599999999949e-01 6.211254200000000392e-01 9.065632799999999714e-01
7.475819299999999501e-01 6.188489900000000432e-01 9.042938200000000259e-01
7.528438100000000022e-01 6.165861999999999732e-01 9.018800900000000231e-01
7.580541299999999927e-01 6.143382899999999536e-01 8.993218099999999993e-01
7.632118700000000144e-01 6.121064999999999978e-01 8.966187700000000094e-01
7.683159600000000200e-01 6.098921000000000481e-01 8.937708199999999659e-01
7.733653600000000017e-01 6.076963699999999857e-01 8.907778600000000324e-01
7.783590099999999623e-01 6.055205999999999644e-01 8.876398800000000477e-01
7.832958300000000262e-01 6.033661000000000163e-01 8.843569300000000410e-01
7.881747700000000245e-01 6.012341799999999514e-01 8.809291299999999492e-01
7.929947299999999810e-01 5.991261599999999632e-01 8.773566799999999999e-01
7.977546199999999699e-01 5.970433899999999516e-01 8.736398600000000458e-01
8.024533499999999542e-01 5.949872200000000388e-01 8.697790399999999478e-01
8.070897999999999683e-01 5.929590000000000138e-01 8.657746800000000187e-01
8.116628399999999965e-01 5.909600999999999882e-01 8.616273199999999743e-01
8.161713400000000229e-01 5.889919000000000127e-01 8.573376000000000330e-01
8.206141399999999919e-01 5.870557899999999663e-01 8.529062499999999769e-01
8.249900700000000198e-01 5.851531500000000108e-01 8.483341300000000196e-01
8.292979600000000007e-01 5.832853799999999644e-01 8.436221699999999490e-01
8.335366100000000111e-01 5.814538900000000288e-01 8.387714200000000453e-01
8.377048000000000272e-01 5.796600899999999612e-01 8.337830600000000203e-01
8.418012999999999746e-01 5.779053800000000241e-01 8.286583600000000382e-01
8.458248600000000117e-01 5.761911899999999642e-01 8.233987099999999781e-01
8.497742200000000246e-01 5.745189200000000440e-01 8.180056500000000286e-01
8.536480899999999705e-01 5.728900000000000103e-01 8.124808000000000030e-01
8.574451899999999682e-01 5.713058500000000040e-01 8.068259500000000140e-01
8.611641799999999458e-01 5.697678800000000043e-01 8.010429799999999601e-01
8.648037299999999927e-01 5.682774900000000518e-01 7.951339400000000390e-01
8.683624899999999869e-01 5.668361200000000544e-01 7.891010000000000524e-01
8.718390900000000387e-01 5.654451499999999520e-01 7.829464499999999605e-01
8.752321400000000473e-01 5.641059899999999461e-01 7.766727399999999726e-01
8.785402399999999723e-01 5.628200199999999764e-01 7.702824700000000524e-01
8.817619500000000166e-01 5.615886300000000331e-01 7.637783500000000503e-01
8.848958399999999891e-01 5.604131900000000055e-01 7.571632600000000046e-01
8.879404499999999922e-01 5.592950500000000158e-01 7.504402300000000414e-01
8.908943200000000173e-01 5.582355599999999640e-01 7.436124100000000015e-01
8.937559600000000160e-01 5.572360499999999828e-01 7.366831200000000246e-01
8.965238700000000005e-01 5.562978100000000037e-01 7.296558300000000052e-01
8.991965299999999939e-01 5.554221499999999478e-01 7.225341400000000469e-01
9.017724200000000190e-01 5.546103300000000402e-01 7.153218099999999469e-01
9.042499999999999982e-01 5.538635800000000220e-01 7.080227399999999838e-01
9.066277400000000153e-01 5.531831299999999674e-01 7.006409799999999688e-01
9.089040800000000031e-01 5.525701600000000324e-01 6.931807300000000227e-01
9.110774499999999554e-01 5.520258200000000004e-01 6.856463299999999705e-01
9.131462900000000271e-01 5.515512399999999982e-01 6.780422499999999575e-01
